Sniffer Started HU
0
0 1E ED 80 86 D8 DE E8 EE
0 1E EC 87 87 F8 83 EF 0 0 44
0 1E EC 87 87 F9 80 E1 20 30 1 40 0 C CC CC
0 1E EC 87 FF DF DF F9 D8 E1 68 0 0 40 0 C CC CC
80 F 77 98 0 0 22 0 0
E8 1E EF 0 0 1F 4A 0 1F
D8 1E EF 80 0 F 4 0 F
D8 19 22 0
0 1E EC 87 FF DF DF F9 D8 E1 2 0 0 80 99 C CC CC
D9 1B E0 1 8 0 1 0 0 40 4C 86 66 66
81 1B E0 1 8 30 20 30 1 40 0 C CC CC
80 1E EF 30 0 0 44 0 0
E9 1B E0 1 8 0 2 0 1 80 1 C CC CC
E8 1E EF 0 0 1F 4A 0 1F
D9 1B E0 1 8 0 2 0 0 80 99 C CC CC
D8 1E EF 80 0 F 4 0 F
D9 1B E0 1 8 0 2 0 0 80 99 C CC CC
D8 19 2F 0
D8 19 2F 0
D9 1B E0 1 8 0 8 0 0 80 99 0 0 0
D9 1B E0 1 8 0 8 0 0 80 99 0 0 0

D9 1B E0 1 8 0 8 0 0 80 99 0 0 0

D9 1B E0 1 8 0 8 0 0 80 99 0 0 0

D9 1B E0 1 8 0 8 0 0 80 99 0 0 0

D9 1B E0 1 8 0 8 0 0 80 99 0 0 0

D9 1B E0 0 84 0 4 0 0 40 4C 80 0 0

D9 1B E0 1 8 0 8 0 0 80 99 0 0 0
0 1E EC 87 FF DF DF FB D8 FA 0 2 1 3 2 0 80 99 54 68 61 74 20 4F 6C 64 20 50 61 69 72 20 4F 66
0 1E EC 87 FF DF DF FB D8 FA 0 3 1 3 1 0 80 0 20 20 20 20 20 20 20 20 20 20 20 20 20 20 20 20
0 1E EC 87 FF DF DF FB D8 FA 0 3 2 3 1 0 80 0 20 20 20 20 20 20 20 20 20 20 20 20 20 20 20 20
0 1E EC 87 FF DF DF FB D8 FA 0 3 3 3 1 0 80 0 20 20 20 20 20 20 20 20 20 20 20 20 20 20 20 20
D8 1E F9 1 1 3 1 0 1
D9 1B E0 1 8 0 8 0 0 80 99 0 0 0
0 1E EC 87 FF DF DF FB D8 FA 0 3 1 3 1 0 80 99 46 61 74 62 6F 79 20 53 6C 69 6D 20 2D 20 54 68
D8 1E F9 2 2 3 1 0 1
0 1E EC 87 FF DF DF FB D8 FA 0 3 2 3 1 0 80 99 65 20 47 72 65 61 74 65 73 74 20 48 69 74 73 3A
D9 1B E0 1 8 0 8 0 0 80 99 0 0 0

D9 1B E0 1 8 0 8 0 0 80 99 0 0 0

D9 1B E0 1 8 0 8 0 0 80 99 0 0 0

D9 1B E0 1 8 0 8 0 0 80 99 0 0 0
D8 1B 2D 40 0 80
D9 1B E0 1 8 0 8 0 0 80 99 0 0 0

D9 1B F0 0 84 0 4 0 0 40 4C 80 0 0

D9 1B E0 1 8 0 8 0 0 80 99 0 0 0
0 1E EC 87 FF DF DF FB D8 FA 0 1 1 3 2 0 80 99 53 70 69 72 69 74 73 0 0 0 0 0 0 0 0 0
0 1E EC 87 FF DF DF FB D8 FA 0 3 1 3 1 0 80 0 20 20 20 20 20 20 20 20 20 20 20 20 20 20 20 20
0 1E EC 87 FF DF DF FB D8 FA 0 3 2 3 1 0 80 0 20 20 20 20 20 20 20 20 20 20 20 20 20 20 20 20
0 1E EC 87 FF DF DF FB D8 FA 0 3 3 3 1 0 80 0 20 20 20 20 20 20 20 20 20 20 20 20 20 20 20 20
D9 1B E0 1 8 0 8 0 0 80 99 0 0 0

D9 1B E0 1 8 0 8 0 0 80 99 0 0 0

D9 1B E0 1 8 0 8 0 0 80 99 0 0 0
D8 1E F9 1 1 3 1 0 1
0 1E EC 87 FF DF DF FB D8 FA 0 3 1 3 1 0 80 99 4A 75 6E 6B 69 65 20 58 6C 20 2D 20 52 61 64 69
D8 1E F9 2 2 3 1 0 1
0 1E EC 87 FF DF DF FB D8 FA 0 3 2 3 1 0 80 99 6F 20 4A 78 6C 3A 20 61 20 42 72 6F 61 64 63 61
D9 1B E0 1 8 0 8 0 0 80 99 0 0 0

D9 1B E0 1 8 0 8 0 0 80 99 0 0 0

D9 1B E0 1 8 0 8 0 0 80 99 0 0 0

D9 1B E0 1 8 0 8 0 0 80 99 0 0 0

D9 1B E0 1 8 0 8 0 0 80 99 0 0 0

D9 1B E0 1 8 0 8 0 0 80 99 0 0 0
D8 1E F9 3 3 3 1 0 1
0 1E EC 87 FF DF DF FB D8 FA 0 3 3 3 1 0 80 99 73 74 20 66 72 6F 6D 20 74 68 65 20 43 6F 6D 70
D9 1B E0 1 8 0 8 0 0 80 99 0 0 0

D9 1B E0 1 8 0 8 0 0 80 99 0 0 0

D9 1B E0 1 8 0 8 0 0 80 99 0 0 0

D9 1B E0 1 8 0 8 0 0 80 99 0 0 0
