0
0 1E ED 80 86 D8 DE E8 EE
0 1E EC 87 87 F8 83 EF 0 0 44
0 1E EC 87 87 F9 80 E1 20 30 1 40 0 C CC CC
0 1E EC 87 FF DF DF F9 D8 E1 68 0 0 40 0 C CC CC
80 1E EF 30 0 0 44 0 0
E8 1E EF 0 0 1F 4A 0 1F
D8 1E EF 80 0 F 4 0 F
D8 19 22 0
0 1E EC 87 FF DF DF F9 D8 E1 2 0 0 80 99 C CC CC
D9 1B E0 1 8 0 2 0 0 80 99 C CC CC
81 1B E0 1 8 30 20 30 1 40 0 C CC CC
80 1E EF 30 0 0 44 0 0
E9 1B E0 1 8 0 2 0 1 80 1 C CC CC
E8 1E EF 0 0 1F 4A 0 1F
D9 1B E0 1 8 0 2 0 0 80 99 C CC CC
D8 1E EF 80 0 F 4 0 F
D9 1B E0 1 8 0 2 0 0 80 99 C CC CC
D8 19 2F 0
D8 19 2F 0
D9 1B E0 1 8 0 8 0 0 80 99 0 0 0
D9 1B E0 1 8 0 8 0 0 80 99 0 0 0

D9 1B E0 1 8 0 8 0 0 40 4C 80 0 0

D9 1B E0 1 8 0 8 0 0 80 99 0 0 0

D9 1B E0 1 8 0 8 0 0 80 99 0 0 0

D9 1B E0 1 8 0 8 0 0 80 99 0 0 0

D9 1B E0 1 8 0 8 0 0 80 99 0 0 0
0 1E EC 87 FF DF DF FB D8 FA 0 2 1 3 2 0 80 99 54 68 65 20 52 6F 63 6B 61 66 65 6C 6C 65 72 20
0 1E EC 87 FF DF DF FB D8 FA 0 3 1 3 1 0 80 0 20 20 20 20 20 20 20 20 20 20 20 20 20 20 20 20
0 1E EC 87 FF DF DF FB D8 FA 0 3 2 3 1 0 80 0 20 20 20 20 20 20 20 20 20 20 20 20 20 20 20 20
0 1E EC 87 FF DF DF FB D8 FA 0 3 3 3 1 0 80 0 20 20 20 20 20 20 20 20 20 20 20 20 20 20 20 20
D9 1B E0 1 8 0 8 0 0 80 99 0 0 0

D9 1B E0 1 8 0 8 0 0 80 99 0 0 0

D9 1B E0 1 8 0 8 0 0 80 99 0 0 0

D9 1B E0 1 8 0 8 0 0 80 99 0 0 0

D9 1B E0 1 8 0 8 0 0 80 99 0 0 0

D9 1B E0 1 8 0 8 0 0 80 99 0 0 0

D9 1B E0 1 8 0 8 0 0 80 99 0 0 0

D9 1B E0 1 8 0 8 0 0 80 99 0 0 0

D9 1B E0 1 8 0 8 0 0 80 99 0 0 0

D9 1B E0 1 8 0 8 0 0 80 99 0 0 0

D9 1B E0 1 8 0 8 0 0 80 99 0 0 0

D9 1B E0 1 8 0 8 0 0 80 99 0 0 0

D9 1B E0 1 8 0 8 0 0 80 99 0 0 0
D8 19 52 0
D8 1B 2D 40 8 0
D9 1B E0 1 8 0 8 0 0 80 99 0 0 0

D9 1B E0 1 8 0 8 0 0 80 99 0 0 0

D9 1B E0 1 8 0 8 0 0 80 99 0 0 0

D9 1B E0 1 8 0 8 0 0 80 99 0 0 0

D9 1B E0 1 8 0 8 0 0 80 99 0 0 0
D8 19 52 0
D8 1B 2D 40 4 0
D9 1B E0 1 8 0 8 0 0 80 99 0 0 0

D9 1B E0 1 8 0 8 0 0 80 99 0 0 0

D9 1B E0 1 8 0 8 0 0 80 99 0 0 0
0 1E EC 87 FF DF DF FB D8 FA 0 1 1 3 2 0 80 99 50 72 61 69 73 65 20 59 6F 75 0 0 0 0 0 0
0 1E EC 87 FF DF DF FB D8 FA 0 3 1 3 1 0 80 0 20 20 20 20 20 20 20 20 20 20 20 20 20 20 20 20
0 1E EC 87 FF DF DF FB D8 FA 0 3 2 3 1 0 80 0 20 20 20 20 20 20 20 20 20 20 20 20 20 20 20 20
0 1E EC 87 FF DF DF FB D8 FA 0 3 3 3 1 0 80 0 20 20 20 20 20 20 20 20 20 20 20 20 20 20 20 20
D9 1B E0 1 8 0 8 0 0 80 99 0 0 0

D9 1B E0 1 8 0 8 0 0 80 99 0 0 0

D9 1B E0 1 8 0 8 0 0 80 99 0 0 0

D9 1B E0 1 8 0 8 0 0 80 99 0 0 0

D8 1B 2D 0 1 0
D9 1B E0 1 8 0 8 0 0 80 99 0 0 0

D9 1B E0 1 8 0 8 0 0 80 99 0 0 0

D9 1B E0 1 8 0 8 0 0 80 99 0 0 0
D8 1B 2D 40 1 0
D9 1B E0 1 8 0 8 0 0 80 99 0 0 0
0 1E EC 87 FF DF DF FB D8 FA 0 2 1 3 2 0 80 99 54 68 65 20 52 6F 63 6B 61 66 65 6C 6C 65 72 20
0 1E EC 87 FF DF DF FB D8 FA 0 3 1 3 1 0 80 0 20 20 20 20 20 20 20 20 20 20 20 20 20 20 20 20
0 1E EC 87 FF DF DF FB D8 FA 0 3 2 3 1 0 80 0 20 20 20 20 20 20 20 20 20 20 20 20 20 20 20 20
0 1E EC 87 FF DF DF FB D8 FA 0 3 3 3 1 0 80 0 20 20 20 20 20 20 20 20 20 20 20 20 20 20 20 20
D9 1B E0 1 8 0 8 0 0 80 99 0 0 0

D9 1B E0 1 8 0 8 0 0 80 99 0 0 0
0 1E EC 87 FF DF DF FB D8 FA 0 1 1 3 2 0 80 99 50 72 61 69 73 65 20 59 6F 75 0 0 0 0 0 0
0 1E EC 87 FF DF DF FB D8 FA 0 3 1 3 1 0 80 0 20 20 20 20 20 20 20 20 20 20 20 20 20 20 20 20
0 1E EC 87 FF DF DF FB D8 FA 0 3 2 3 1 0 80 0 20 20 20 20 20 20 20 20 20 20 20 20 20 20 20 20
0 1E EC 87 FF DF DF FB D8 FA 0 3 3 3 1 0 80 0 20 20 20 20 20 20 20 20 20 20 20 20 20 20 20 20
D9 1B E0 1 8 0 8 0 0 40 4C 80 0 0

D9 1B E0 1 8 0 8 0 0 80 99 0 0 0

D9 1B E0 1 8 0 8 0 0 80 99 0 0 0

D9 1B E0 1 8 0 8 0 0 80 99 0 0 0

D9 1B E0 1 8 0 8 0 0 80 99 0 0 0

D9 1B E0 1 8 0 8 0 0 80 99 0 0 0

D9 1B E0 1 8 0 8 0 0 80 99 0 0 0

D9 1B F0 0 84 0 4 0 0 40 4C 80 0 0

D9 1B E0 1 8 0 8 0 0 80 99 0 0 0

D9 1B E0 1 8 0 8 0 0 80 99 0 0 0

D9 1B E0 1 8 0 8 0 0 80 99 0 0 0

D9 1B E0 1 8 0 8 0 0 C0 4C 80 0 0

D9 1B E0 1 8 0 8 0 0 80 99 0 0 0

D9 1B E0 1 8 0 8 0 0 80 99 0 0 0

D9 1B E0 1 8 0 8 0 0 80 99 0 0 0

D9 1B E0 1 8 0 8 0 0 80 99 0 0 0

D9 1B E0 1 8 0 8 0 0 80 99 0 0 0
D8 19 52 0
D8 1B 2D 40 8 0
D9 1B E0 1 8 0 8 0 0 80 99 0 0 0

D9 1B E0 1 8 0 8 0 0 80 99 0 0 0
D8 19 52 0
0 1E EC 87 FF DF DF FB D8 FA 0 1 1 3 2 0 80 99 57 65 61 70 6F 6E 20 4F 66 20 43 68 6F 69 63 65
0 1E EC 87 FF DF DF FB D8 FA 0 3 1 3 1 0 80 0 20 20 20 20 20 20 20 20 20 20 20 20 20 20 20 20
0 1E EC 87 FF DF DF FB D8 FA 0 3 2 3 1 0 80 0 20 20 20 20 20 20 20 20 20 20 20 20 20 20 20 20
0 1E EC 87 FF DF DF FB D8 FA 0 3 3 3 1 0 80 0 20 20 20 20 20 20 20 20 20 20 20 20 20 20 20 20
D8 1B 2D 40 2 0
D9 1B E0 1 8 0 8 0 0 80 99 0 0 0

D9 1B E0 1 8 0 8 0 0 80 99 0 0 0
D8 19 52 0
D8 1B 2D 40 7 0
D9 1B E0 1 8 0 8 0 0 80 99 0 0 0

D9 1B E0 1 8 0 8 0 0 80 99 0 0 0
0 1E EC 87 FF DF DF FB D8 FA 0 1 1 3 2 0 80 99 47 61 6E 67 73 74 65 72 20 54 72 69 70 70 69 6E
0 1E EC 87 FF DF DF FB D8 FA 0 3 1 3 1 0 80 0 20 20 20 20 20 20 20 20 20 20 20 20 20 20 20 20
0 1E EC 87 FF DF DF FB D8 FA 0 3 2 3 1 0 80 0 20 20 20 20 20 20 20 20 20 20 20 20 20 20 20 20
0 1E EC 87 FF DF DF FB D8 FA 0 3 3 3 1 0 80 0 20 20 20 20 20 20 20 20 20 20 20 20 20 20 20 20
D9 1B E0 1 8 0 8 0 0 80 99 0 0 0

D9 1B E0 1 8 0 8 0 0 80 99 0 0 0

D9 1B E0 1 8 0 8 0 0 80 99 0 0 0

D9 1B E0 1 8 0 8 0 0 80 99 0 0 0

D9 1B E0 1 8 0 8 0 0 80 99 0 0 0

D9 1B E0 1 8 0 8 0 0 80 99 0 0 0

D9 1B E0 1 8 0 8 0 0 80 99 0 0 0

D9 1B E0 1 8 0 8 0 0 80 99 0 0 0

D9 1B E0 1 8 0 8 0 0 80 99 0 0 0

D9 1B E0 1 8 0 8 0 0 80 99 0 0 0

D9 1B E0 1 8 0 8 0 0 80 99 0 0 0

D9 1B E0 1 8 0 8 0 0 80 99 0 0 0

D9 1B E0 1 8 0 8 0 0 80 99 0 0 0
D8 19 52 0
D8 1B 2D 40 8 0
D9 1B E0 1 8 0 8 0 0 80 99 0 0 0

D9 1B E0 1 8 0 8 0 0 80 99 0 0 0
0 1E EC 87 FF DF DF FB D8 FA 0 1 1 3 2 0 80 99 57 6F 6E 64 65 72 66 75 6C 20 4E 69 67 68 74 0
0 1E EC 87 FF DF DF FB D8 FA 0 3 1 3 1 0 80 0 20 20 20 20 20 20 20 20 20 20 20 20 20 20 20 20
0 1E EC 87 FF DF DF FB D8 FA 0 3 2 3 1 0 80 0 20 20 20 20 20 20 20 20 20 20 20 20 20 20 20 20
0 1E EC 87 FF DF DF FB D8 FA 0 3 3 3 1 0 80 0 20 20 20 20 20 20 20 20 20 20 20 20 20 20 20 20
D9 1B E0 0 84 0 4 0 0 40 4C 80 0 0

D9 1B E0 1 8 0 8 0 0 80 99 0 0 0

D9 1B E0 1 8 0 8 0 0 80 99 0 0 0

D9 1B E0 1 8 0 8 0 0 80 99 0 0 0

D9 1B E0 1 8 0 8 0 0 80 99 0 0 0

D9 1B E0 1 8 0 8 0 0 80 99 0 0 0

D9 1B E0 1 8 0 8 0 0 80 99 0 0 0

D9 1B E0 1 8 0 8 0 0 80 99 0 0 0

D9 1B E0 1 8 0 8 0 0 80 99 0 0 0

D9 1B E0 1 8 0 8 0 0 80 99 0 0 0

D9 1B E0 1 8 0 8 0 0 80 99 0 0 0
D8 19 26 0
D9 1B E0 1 8 0 8 0 0 80 99 0 0 0
D8 19 2F 0
D9 1B E0 1 8 0 8 0 0 80 99 0 0 0

D9 1B E0 1 8 0 8 0 0 80 99 0 0 0

D9 1B E0 1 8 0 8 0 0 80 99 0 0 0

D9 1B E0 1 8 0 8 0 0 80 99 0 0 0

D9 1B E0 1 8 0 8 0 0 80 99 0 0 0

D9 1B E0 1 8 0 8 0 0 80 99 0 0 0

D9 1B E0 1 8 0 8 0 0 80 99 0 0 0

D9 1B E0 1 8 0 8 0 0 80 99 0 0 0
D8 19 29 0
D9 1B E0 1 8 0 8 0 0 80 99 0 0 0
D8 19 2F 0
D9 1B E0 1 8 0 8 0 0 80 99 0 0 0

D9 1B E0 1 8 0 8 0 0 80 99 0 0 0

D9 1B E0 1 8 0 8 0 0 80 99 0 0 0

D9 1B E0 1 8 0 8 0 0 80 99 0 0 0

D8 19 29 0
D9 1B E0 1 8 0 8 0 0 80 99 0 0 0
D8 19 2F 0
D9 1B E0 1 8 0 8 0 0 80 99 0 0 0
D8 1B 2D 40 1 0
D9 1B E0 1 8 0 8 0 0 80 99 0 0 0

D9 1B E0 1 8 0 8 0 0 80 99 0 0 0
0 1E EC 87 FF DF DF FB D8 FA 0 3 1 3 2 0 80 99 49 20 53 65 65 20 59 6F 75 20 42 61 62 79 20 28
0 1E EC 87 FF DF DF FB D8 FA 0 3 1 3 1 0 80 0 20 20 20 20 20 20 20 20 20 20 20 20 20 20 20 20
0 1E EC 87 FF DF DF FB D8 FA 0 3 2 3 1 0 80 0 20 20 20 20 20 20 20 20 20 20 20 20 20 20 20 20
0 1E EC 87 FF DF DF FB D8 FA 0 3 3 3 1 0 80 0 20 20 20 20 20 20 20 20 20 20 20 20 20 20 20 20
D9 1B E0 1 8 0 8 0 0 80 99 0 0 0
D8 1B 2D 40 1 0
D9 1B E0 1 8 0 8 0 0 80 99 0 0 0

D9 1B E0 1 8 0 8 0 0 80 99 0 0 0
0 1E EC 87 FF DF DF FB D8 FA 0 2 1 3 2 0 80 99 52 69 67 68 74 20 48 65 72 65 2C 20 52 69 67 68
0 1E EC 87 FF DF DF FB D8 FA 0 3 1 3 1 0 80 0 20 20 20 20 20 20 20 20 20 20 20 20 20 20 20 20
0 1E EC 87 FF DF DF FB D8 FA 0 3 2 3 1 0 80 0 20 20 20 20 20 20 20 20 20 20 20 20 20 20 20 20
0 1E EC 87 FF DF DF FB D8 FA 0 3 3 3 1 0 80 0 20 20 20 20 20 20 20 20 20 20 20 20 20 20 20 20
D9 1B E0 1 8 0 8 0 0 80 99 0 0 0

D9 1B E0 1 8 0 8 0 0 80 99 0 0 0

D9 1B E0 1 8 0 8 0 0 80 99 0 0 0

D9 1B E0 1 8 0 8 0 0 80 99 0 0 0

D9 1B E0 1 8 0 8 0 0 80 99 0 0 0

D9 1B E0 1 8 0 8 0 0 80 99 0 0 0
D8 1B 2D 40 1 0
D9 1B E0 1 8 0 8 0 0 80 99 0 0 0

D9 1B E0 1 8 0 8 0 0 80 99 0 0 0
0 1E EC 87 FF DF DF FB D8 FA 0 2 1 3 2 0 80 99 47 6F 69 6E 67 20 4F 75 74 20 4F 66 20 4D 79 20
0 1E EC 87 FF DF DF FB D8 FA 0 3 1 3 1 0 80 0 20 20 20 20 20 20 20 20 20 20 20 20 20 20 20 20
0 1E EC 87 FF DF DF FB D8 FA 0 3 2 3 1 0 80 0 20 20 20 20 20 20 20 20 20 20 20 20 20 20 20 20
0 1E EC 87 FF DF DF FB D8 FA 0 3 3 3 1 0 80 0 20 20 20 20 20 20 20 20 20 20 20 20 20 20 20 20
D9 1B E0 1 8 0 8 0 0 80 99 0 0 0

D9 1B E0 1 8 0 8 0 0 80 99 0 0 0

D9 1B E0 1 8 0 8 0 0 80 99 0 0 0

D9 1B E0 1 8 0 8 0 0 80 99 0 0 0

D9 1B E0 1 8 0 8 0 0 80 99 0 0 0

D9 1B E0 1 8 0 8 0 0 80 99 0 0 0

D9 1B E0 1 8 0 8 0 0 80 99 0 0 0

D9 1B E0 1 8 0 8 0 0 80 99 0 0 0

D9 1B E0 1 8 0 8 0 0 80 99 0 0 0
D8 1B 2D 40 1 0
D9 1B E0 1 8 0 8 0 0 80 99 0 0 0

D9 1B E0 1 8 0 8 0 0 40 4C 80 0 0
0 1E EC 87 FF DF DF FB D8 FA 0 2 1 3 2 0 80 99 53 75 6E 73 65 74 20 28 42 69 72 64 20 4F 66 20
0 1E EC 87 FF DF DF FB D8 FA 0 3 1 3 1 0 80 0 20 20 20 20 20 20 20 20 20 20 20 20 20 20 20 20
0 1E EC 87 FF DF DF FB D8 FA 0 3 2 3 1 0 80 0 20 20 20 20 20 20 20 20 20 20 20 20 20 20 20 20
0 1E EC 87 FF DF DF FB D8 FA 0 3 3 3 1 0 80 0 20 20 20 20 20 20 20 20 20 20 20 20 20 20 20 20
D9 1B E0 1 8 0 8 0 0 80 99 0 0 0

D9 1B E0 1 8 0 8 0 0 80 99 0 0 0

D9 1B E0 1 8 0 8 0 0 80 99 0 0 0

D9 1B E0 1 8 0 8 0 0 80 99 0 0 0

D9 1B E0 1 8 0 8 0 0 80 99 0 0 0

D9 1B E0 1 8 0 8 0 0 80 99 0 0 0

D9 1B E0 1 8 0 8 0 0 80 99 0 0 0

D9 1B E0 1 8 0 8 0 0 80 99 0 0 0

D9 1B E0 1 8 0 8 0 0 80 99 0 0 0

D9 1B E0 1 8 0 8 0 0 80 99 0 0 0

D8 1B 2D 40 1 0
D9 1B E0 1 8 0 8 0 0 80 99 0 0 0

D9 1B E0 1 8 0 8 0 0 80 99 0 0 0

0 1E EC 87 FF DF DF FB D8 FA 0 2 1 3 2 0 80 99 44 6F 6E 27 74 20 4C 65 74 20 54 68 65 20 4D 61
0 1E EC 87 FF DF DF FB D8 FA 0 3 1 3 1 0 80 0 20 20 20 20 20 20 20 20 20 20 20 20 20 20 20 20
0 1E EC 87 FF DF DF FB D8 FA 0 3 2 3 1 0 80 0 20 20 20 20 20 20 20 20 20 20 20 20 20 20 20 20
0 1E EC 87 FF DF DF FB D8 FA 0 3 3 3 1 0 80 0 20 20 20 20 20 20 20 20 20 20 20 20 20 20 20 20
D9 1B E0 1 8 0 8 0 0 80 99 0 0 0

D9 D F0 0 84 0 4 0 0 40 4C 80 0 0

D9 1B E0 1 8 0 8 0 0 80 99 0 0 0

D9 1B E0 1 8 0 8 0 0 80 99 0 0 0
D8 1B 2D 40 1 0
D9 1B E0 1 8 0 8 0 0 80 99 0 0 0

D9 1B E0 1 8 0 8 0 0 80 99 0 0 0
0 1E EC 87 FF DF DF FB D8 FA 0 1 1 3 2 0 80 99 44 65 6D 6F 6E 73 0 0 0 0 0 0 0 0 0 0
0 1E EC 87 FF DF DF FB D8 FA 0 3 1 3 1 0 80 0 20 20 20 20 20 20 20 20 20 20 20 20 20 20 20 20
0 1E EC 87 FF DF DF FB D8 FA 0 3 2 3 1 0 80 0 20 20 20 20 20 20 20 20 20 20 20 20 20 20 20 20
0 1E EC 87 FF DF DF FB D8 FA 0 3 3 3 1 0 80 0 20 20 20 20 20 20 20 20 20 20 20 20 20 20 20 20
D9 1B E0 1 8 0 8 0 0 80 99 0 0 0

D9 1B E0 1 8 0 8 0 0 80 99 0 0 0

D9 1B E0 1 8 0 8 0 0 80 99 0 0 0

D9 1B E0 1 8 0 8 0 0 80 99 0 0 0

D9 1B E0 1 8 0 8 0 0 80 99 0 0 0

D9 1B E0 1 8 0 8 0 0 80 99 0 0 0

D9 1B E0 1 8 0 8 0 0 80 99 0 0 0
D8 19 52 0
D8 1B 2D 40 1 0
D9 1B E0 1 8 0 8 0 0 80 99 0 0 0

D9 1B E0 1 8 0 8 0 0 80 99 0 0 0
D8 19 52 0
D8 1B 2D 40 9 0
D9 1B E0 1 8 0 8 0 0 80 99 0 0 0

D9 1B E0 1 8 0 8 0 0 80 99 0 0 0
D8 19 52 0
D8 1B 2D 40 4 0
D9 1B E0 1 8 0 8 0 0 80 99 0 0 0
0 1E EC 87 FF DF DF FB D8 FA 0 1 1 3 2 0 80 99 53 6C 61 73 68 20 44 6F 74 20 44 61 73 68 0 0
0 1E EC 87 FF DF DF FB D8 FA 0 3 1 3 1 0 80 0 20 20 20 20 20 20 20 20 20 20 20 20 20 20 20 20
0 1E EC 87 FF DF DF FB D8 FA 0 3 2 3 1 0 80 0 20 20 20 20 20 20 20 20 20 20 20 20 20 20 20 20
0 1E EC 87 FF DF DF FB D8 FA 0 3 3 3 1 0 80 0 20 20 20 20 20 20 20 20 20 20 20 20 20 20 20 20
D9 1B E0 1 8 0 8 0 0 80 99 0 0 0
D8 19 52 0
D8 1B 2D 40 3 0
D9 1B E0 1 8 0 8 0 0 80 99 0 0 0

D9 1B E0 1 8 0 8 0 0 80 99 0 0 0
0 1E EC 87 FF DF DF FB D8 FA 0 1 1 3 2 0 80 99 43 68 61 6D 70 69 6F 6E 20 53 6F 75 6E 64 0 0
0 1E EC 87 FF DF DF FB D8 FA 0 3 1 3 1 0 80 0 20 20 20 20 20 20 20 20 20 20 20 20 20 20 20 20
0 1E EC 87 FF DF DF FB D8 FA 0 3 2 3 1 0 80 0 20 20 20 20 20 20 20 20 20 20 20 20 20 20 20 20
0 1E EC 87 FF DF DF FB D8 FA 0 3 3 3 1 0 80 0 20 20 20 20 20 20 20 20 20 20 20 20 20 20 20 20
D8 19 52 0
D8 1B 2D 40 5 0
D9 1B E0 1 8 0 8 0 0 80 99 0 0 0

D9 1B E0 1 8 0 8 0 0 40 4C 80 0 0

D9 1B E0 1 8 0 8 0 0 80 99 0 0 0
0 1E EC 87 FF DF DF FB D8 FA 0 2 1 3 2 0 80 99 54 68 61 74 20 4F 6C 64 20 50 61 69 72 20 4F 66
0 1E EC 87 FF DF DF FB D8 FA 0 3 1 3 1 0 80 0 20 20 20 20 20 20 20 20 20 20 20 20 20 20 20 20
0 1E EC 87 FF DF DF FB D8 FA 0 3 2 3 1 0 80 0 20 20 20 20 20 20 20 20 20 20 20 20 20 20 20 20
0 1E EC 87 FF DF DF FB D8 FA 0 3 3 3 1 0 80 0 20 20 20 20 20 20 20 20 20 20 20 20 20 20 20 20
D9 1B E0 1 8 0 8 0 0 80 99 0 0 0

D9 1B E0 1 8 0 8 0 0 80 99 0 0 0

D9 1B E0 1 8 0 8 0 0 80 99 0 0 0

D9 1B E0 1 8 0 8 0 0 80 99 0 0 0

D9 1B E0 1 8 0 8 0 0 80 99 0 0 0

D9 1B E0 1 8 0 8 0 0 80 99 0 0 0

D9 1B E0 1 8 0 8 0 0 80 99 0 0 0

D9 1B E0 1 8 0 8 0 0 80 99 0 0 0

D9 1B E0 1 8 0 8 0 0 80 99 0 0 0

D9 1B E0 1 8 0 8 0 0 80 99 0 0 0

D9 1B E0 1 8 0 8 0 0 80 99 0 0 0
D8 1E F9 1 1 3 1 0 1
D9 19 F0 0 84 0 4 0 0 40 4C 80 0 0
0 1E EC 87 FF DF DF FB D8 FA 0 3 1 3 1 0 80 99 46 61 74 62 6F 79 20 53 6C 69 6D 20 2D 20 54 68
D8 1E F9 2 2 3 1 0 1
0 1E EC 87 FF DF DF FB D8 FA 0 3 2 3 1 0 80 99 65 20 47 72 65 61 74 65 73 74 20 48 69 74 73 3A
D9 1B E0 1 8 0 8 0 0 80 99 0 0 0

D9 D F0 0 84 0 4 0 0 40 4C 80 0 0

D9 1B E0 1 8 0 8 0 0 80 99 0 0 0

D9 1B E0 1 8 0 8 0 0 80 99 0 0 0

D9 1B E0 1 8 0 8 0 0 80 99 0 0 0

D9 1B E0 1 8 0 8 0 0 80 99 0 0 0
D8 1E F9 3 3 3 1 0 1
0 1E EC 87 FF DF DF FB D8 FA 0 3 3 3 1 0 80 99 20 57 68 79 20 54 72 79 20 48 61 72 64 65 72 0
D9 1B E0 1 8 0 8 0 0 80 99 0 0 0

D9 1B E0 1 8 0 8 0 0 80 99 0 0 0

D9 1B E0 1 8 0 8 0 0 80 99 0 0 0

D9 1B E0 1 8 0 8 0 0 80 99 0 0 0

D9 1B E0 1 8 0 8 0 0 80 99 0 0 0

D9 1B E0 1 8 0 8 0 0 80 99 0 0 0

D9 1B E0 1 8 0 8 0 0 80 99 0 0 0

D9 1B E0 1 8 0 8 0 0 80 99 0 0 0

D9 1B E0 1 8 0 8 0 0 80 99 0 0 0

D9 1B E0 1 8 0 8 0 0 80 99 0 0 0

D9 1B E0 1 8 0 8 0 0 80 99 0 0 0

D9 1B E0 1 8 0 8 0 0 80 99 0 0 0

D9 1B E0 1 8 0 8 0 0 80 99 0 0 0

D9 1B E0 1 8 0 8 0 0 80 99 0 0 0

D9 1B E0 1 8 0 8 0 0 80 99 0 0 0

D9 1B E0 1 8 0 8 0 0 80 99 0 0 0

D9 1B E0 1 8 0 8 0 0 80 99 0 0 0
D8 1E F9 1 1 3 1 0 1
0 1E EC 87 FF DF DF FB D8 FA 0 3 1 3 1 0 80 99 46 61 74 62 6F 79 20 53 6C 69 6D 20 2D 20 54 68
D8 1E F9 2 2 3 1 0 1
0 1E EC 87 FF DF DF FB D8 FA 0 3 2 3 1 0 80 99 65 20 47 72 65 61 74 65 73 74 20 48 69 74 73 3A
D9 1B E0 1 8 0 8 0 0 80 99 0 0 0

D9 1B E0 1 8 0 8 0 0 80 99 0 0 0
80 19 22 70
E8 19 22 0
0 1E EC 87 FF DF FF F7 F7 FC F4 70 81 0 0 C0 0 86 66 66
D8 19 22 0
81 1B E0 1 8 30 20 30 81 40 0 C CC CC
E9 1B E0 1 8 0 2 0 1 80 1 C CC CC
D9 1B E0 1 8 0 2 0 0 80 99 C CC CC
0 1E EC 87 FF DF DF F9 D8 E1 2 0 0 80 99 C CC CC
