0
0 1E ED 80 86 D8 DE E8 EE
0 1E EC 87 87 F8 83 EF 0 0 44
0 1E EC 87 87 F9 80 E1 20 30 1 40 0 C CC CC
0 1E EC 87 FF DF DF F9 D8 E1 68 0 0 40 0 C CC CC
80 1E EF 30 0 0 44 0 0
E8 1E EF 0 0 1F 4A 0 F
D8 1E EF 80 0 F 2 0 7
D8 19 22 0
0 1E EC 87 FF DF DF F9 D8 E1 2 0 0 80 99 C CC CC
D9 1B E0 1 8 0 2 0 0 80 99 C CC CC
81 1B E0 1 8 30 20 30 1 40 0 C CC CC
80 1E EF 30 0 0 44 0 0
E9 1B E0 1 8 0 2 0 1 80 1 C CC CC
E8 1E EF 0 0 1F 4A 0 1F
D9 1B E0 1 8 0 2 0 0 80 99 C CC CC
D8 1E EF 80 0 F 4 0 F
E9 1B E0 1 8 0 2 0 1 80 1 C CC CC
E8 19 2F 0
E8 19 2F 0
E9 1B E0 1 8 0 8 0 1 80 1 0 0 0
E9 1B E0 1 8 0 8 0 1 80 1 0 0 0

E9 1B E0 1 8 0 8 0 1 80 1 0 0 0

E9 1B E0 1 8 0 8 0 1 80 1 0 0 0

E9 1B E0 1 8 0 8 0 1 80 1 0 0 0

E9 1B E0 1 8 0 8 0 1 80 1 0 0 0

E9 1B E0 1 8 0 8 0 1 80 1 0 0 0

E9 1B E0 1 8 0 8 0 1 80 1 0 0 0

E9 1B E0 1 8 0 8 0 1 80 1 0 0 0
E8 19 52 0
E8 1B 2D 40 1 0
E9 1B E0 1 8 0 8 0 1 80 1 0 0 0

E9 1B E0 1 8 0 8 0 1 80 1 0 0 0

E9 1B E0 1 8 0 8 0 1 80 1 0 0 0

E9 1B E0 1 8 0 8 0 1 80 1 0 0 0

E9 1B E0 1 8 0 8 0 1 80 1 0 0 0

E9 1B E0 1 8 0 8 0 1 80 1 0 0 0

E9 1B E0 1 8 0 8 0 1 80 1 0 0 0
E8 19 29 0
E9 1B E0 1 8 0 D 0 1 80 1 0 0 0
E8 19 2F 0
E9 1B E0 1 8 0 8 0 1 80 1 0 0 0
0 1E EC 87 FF DF DF FB D8 FA 0 2 1 3 2 1 80 1 56 69 72 74 75 61 6C 20 49 6E 73 69 67 68 74 20
0 1E EC 87 FF DF DF FB D8 FA 0 3 1 3 1 1 80 0 20 20 20 20 20 20 20 20 20 20 20 20 20 20 20 20
0 1E EC 87 FF DF DF FB D8 FA 0 3 2 3 1 1 80 0 20 20 20 20 20 20 20 20 20 20 20 20 20 20 20 20
0 1E EC 87 FF DF DF FB D8 FA 0 3 3 3 1 1 80 0 20 20 20 20 20 20 20 20 20 20 20 20 20 20 20 20
E9 1B E0 1 8 0 8 0 1 80 1 0 0 0

E9 1B E0 1 8 0 8 0 1 80 1 0 0 0

E9 1B E0 1 8 0 8 0 1 80 0 80 0 0

E9 1B E0 1 8 0 8 0 1 80 1 0 0 0
E8 19 26 0
E9 1B E0 0 84 0 E 80 0 C0 0 80 0 0
E8 19 2F 0
E9 1B E0 1 8 0 8 0 1 80 1 0 0 0

E9 1B E0 1 8 0 8 0 1 80 1 0 0 0

E9 1B E0 1 8 0 8 0 1 80 1 0 0 0

E9 1B E0 1 8 0 8 0 1 80 1 0 0 0

E9 1B E0 1 8 0 8 0 1 80 1 0 0 0
E8 1B 2D 40 1 0
E9 1B E0 1 8 0 8 0 1 80 1 0 0 0

E9 1B E0 1 8 0 8 0 1 80 1 0 0 0

E9 1B E0 1 8 0 8 0 1 80 1 0 0 0

E9 1B E0 1 8 0 8 0 1 80 1 0 0 0
E8 1B 2D 0 1 0
E9 1B E0 1 8 0 8 0 1 80 1 0 0 0

E9 1B E0 1 8 0 8 0 0 C0 0 80 0 0

E9 1B E0 1 8 0 8 0 1 80 1 0 0 0

E9 1B E0 1 8 0 8 0 1 80 1 0 0 0

E9 1B E0 1 8 0 8 0 1 80 1 0 0 0

E9 1B E0 1 8 0 8 0 1 80 1 0 0 0

E9 1B E0 1 8 0 8 0 1 80 1 0 0 0

E9 1B E0 1 8 0 8 0 1 80 1 0 0 0

E9 1B E0 1 8 0 8 0 1 80 1 0 0 0

E9 1B E0 1 8 0 8 0 1 80 1 0 0 0

E9 1B E0 1 8 0 8 0 1 80 1 0 0 0

E9 1B E0 1 8 0 8 0 1 80 1 0 0 0

E9 1B E0 1 8 0 8 0 1 80 1 0 0 0

E9 1B E0 1 8 0 8 0 1 80 1 0 0 0

E9 1B E0 1 8 0 8 0 1 80 1 0 0 0

E9 1B E0 1 8 0 8 0 1 80 1 0 0 0

E9 1B E0 1 8 0 8 0 1 80 1 0 0 0

E9 1B E0 1 8 0 8 0 1 80 1 0 0 0

E9 1B E0 1 8 0 8 0 1 80 1 0 0 0

E9 1B E0 1 8 0 8 0 1 80 1 0 0 0
E8 1A 50 1 0
E9 1B E0 1 8 0 8 0 1 80 1 0 0 0
E8 1A 50 1 0
E9 1B E0 1 8 0 8 0 1 80 1 0 0 0
E8 1A 50 1 0
E9 1B E0 1 8 0 8 0 1 80 1 0 0 0
E8 1A 50 1 0
E9 1B E0 1 8 0 8 0 1 80 1 0 0 0
E8 1A 50 1 0
E9 1B E0 1 8 0 8 0 1 80 1 0 0 0
E8 1A 50 41 0
E9 1B E0 1 8 0 8 0 1 80 1 0 0 0
E8 1A 50 1 0
E9 1B E0 1 8 0 8 0 1 80 1 0 0 0
E8 1A 50 41 0
E9 1B E0 1 8 0 8 0 1 80 1 0 0 0
E8 1A 50 41 0
E9 1B E0 1 8 0 8 0 1 80 1 0 0 0
E8 1A 50 1 0
E9 1B E0 1 8 0 8 0 1 80 1 0 0 0

E8 1A 50 41 0
E9 1B E0 1 8 0 8 0 1 80 1 0 0 0
E8 1A 50 41 0
E9 1B E0 1 8 0 8 0 0 C0 0 80 0 0
E8 1A 50 41 0
E9 1B E0 1 8 0 8 0 1 80 1 0 0 0
E8 1A 50 41 0
E9 1B E0 0 84 0 4 0 0 C0 0 80 0 0

E9 1B E0 1 8 0 8 0 1 80 1 0 0 0
E8 1A 50 1 0
E9 1B E0 1 8 0 8 0 1 80 1 0 0 0
E8 1A 50 1 0
E9 1B E0 1 8 0 8 0 1 80 1 0 0 0
E8 1A 50 41 0
E9 1B E0 1 8 0 8 0 1 80 1 0 0 0
E8 1A 50 41 0
E9 1B E0 1 8 0 8 0 1 80 1 0 0 0
E8 1A 50 41 0
E8 8D F0 0 84 0 4 0 0 C0 0 80 0 0
E8 1A 50 1 0
E9 1B E0 1 8 0 8 0 1 80 1 0 0 0

E9 1B E0 1 8 0 8 0 1 80 1 0 0 0

E9 1B E0 1 8 0 8 0 1 80 1 0 0 0

E9 1B E0 1 8 0 8 0 1 80 1 0 0 0

E9 1B E0 1 8 0 8 0 1 80 1 0 0 0
E8 1A 50 1 0
E9 1B E0 1 8 0 8 0 1 80 1 0 0 0
E8 1A 50 1 0
E9 1B E0 1 8 0 8 0 1 80 1 0 0 0
E8 1A 50 41 0
E9 1B E0 1 8 0 8 0 1 80 1 0 0 0
E8 1A 50 1 0
E9 1B E0 1 8 0 8 0 1 80 1 0 0 0
E8 1A 50 1 0
E9 1B E0 1 8 0 8 0 1 80 1 0 0 0

E9 1B E0 1 8 0 8 0 1 80 1 0 0 0

E9 1B E0 1 8 0 8 0 1 80 1 0 0 0

E9 1B E0 1 8 0 8 0 1 80 1 0 0 0

E9 1B E0 1 8 0 8 0 1 80 1 0 0 0

E9 1B E0 1 8 0 8 0 1 80 1 0 0 0

E9 1B E0 1 8 0 8 0 1 80 1 0 0 0

E9 1B E0 1 8 0 8 0 1 80 1 0 0 0

E9 1B E0 1 8 0 8 0 1 80 1 0 0 0

E9 1B E0 1 8 0 8 0 1 80 1 0 0 0

E9 1B E0 1 8 0 8 0 1 80 1 0 0 0
E8 19 2E 0
E9 1B E0 1 8 0 8 0 1 80 1 0 0 0

E9 1B E0 1 8 0 8 0 1 80 1 0 0 0

E9 1B E0 1 8 0 8 0 1 80 1 0 0 0
E8 19 2E 0
E9 1B E0 1 8 0 8 0 1 80 1 0 0 0

E9 1B E0 1 8 0 8 0 1 80 1 0 0 0

E9 1B E0 1 8 0 8 0 1 80 1 0 0 0
E8 18 97 0
E9 1B E0 1 8 0 8 0 1 80 1 0 0 0

E9 1B E0 1 8 0 8 0 1 80 1 0 0 0

E9 1B E0 1 8 0 4 0 0 C0 0 80 0 0

E9 1B E0 1 8 0 8 0 1 80 1 0 0 0

E9 1B E0 1 8 0 8 0 1 80 1 0 0 0
E8 19 2E 0
E9 1B E0 1 8 0 8 0 1 80 1 0 0 0

E9 1B E0 1 8 0 8 0 1 80 1 0 0 0

E9 1B E0 1 8 0 8 0 1 80 1 0 0 0

E9 1B E0 1 8 0 8 0 1 80 1 0 0 0

E9 1B E0 1 8 0 8 0 1 80 1 0 0 0

E9 1B E0 1 8 0 8 0 1 80 1 0 0 0

E9 1B E0 1 8 0 8 0 1 80 1 0 0 0

E9 1B E0 0 84 0 4 0 0 C0 0 80 0 0

E9 1B E0 1 8 0 8 0 1 80 1 0 0 0

E9 1B E0 1 8 0 8 0 1 80 1 0 0 0

E9 1B E0 1 8 0 8 0 1 80 1 0 0 0

E9 1B E0 1 8 0 8 0 1 80 1 0 0 0

E9 1B E0 1 8 0 8 0 1 80 1 0 0 0

E9 1B E0 1 8 0 8 0 1 80 1 0 0 0
